call 0912345678 0132462157 2022-07-12 10:30:23 10:32:00
call 0912345678 0945324545 2022-07-13 11:30:10 11:35:11
call 0132465789 0945324545 2022-07-13 11:30:23 11:32:23
call 0945324545 0912345678 2022-07-13 07:30:23 07:48:30
#
?check_phone_number
?number_calls_from 0912345678
?number_total_calls
?count_time_calls_from 0912345678
?count_time_calls_from 0132465789
#

8 12 1 1
1 1 0 0 0 0 1 0 0 0 0 1
1 0 0 0 1 1 0 1 0 0 1 1
0 0 1 0 0 0 0 0 0 0 0 0
1 0 0 0 0 0 1 0 0 1 0 1
1 0 0 1 0 0 0 0 0 1 0 0
1 0 1 0 1 0 0 0 1 0 1 0
0 0 0 0 1 0 1 0 0 0 0 0
1 0 1 1 0 1 1 1 0 1 0 1


16
2 4 6 1 6 8 7 3 3 5 8 9 1 2 6 4
4
1 5
0 9
1 15
6 10


3  2
0  8  5  1  10  5  9
9  0  5  6  6  2  8
2  2  0  3  8  7  2
5  3  4  0  3  2  7
9  6  8  7  0  9  10
3  8  10  6  5  0  2
3  4  4  5  2  2  0

9 4
0 8 5 1 10 5 9 9 3 5 6 6 2 8 2 2 6 3 8
7 0 5 3 4 3 3 2 7 9 6 8 7 2 9 10 3 8 10
6 5 0 2 3 4 4 5 2 2 4 9 8 5 3 8 8 10 4
2 10 9 0 6 1 3 9 7 1 3 5 9 7 6 1 10 1 1
7 2 4 9 0 4 5 5 7 1 7 7 2 9 5 10 7 4 8
9 9 3 10 2 0 6 10 9 5 1 8 7 4 7 2 6 5 3
1 10 8 4 8 3 0 1 2 7 6 8 6 5 2 3 1 1 2
5 7 1 8 2 8 8 0 8 4 4 6 10 10 9 2 9 3 7
7 1 4 9 1 2 3 6 0 10 5 8 9 4 6 2 3 1 2
7 5 1 7 2 9 10 9 5 0 5 4 10 9 9 1 9 8 8
9 4 9 4 8 2 1 8 4 5 0 7 6 2 1 10 10 7 9
4 5 9 5 10 10 3 6 6 4 4 0 8 5 4 9 1 9 9
1 7 9 2 10 9 10 8 3 3 9 3 0 10 1 8 9 2 6
9 7 2 3 5 3 6 9 7 3 7 6 4 0 3 5 7 2 9
3 2 2 10 8 7 3 10 6 3 1 1 4 10 0 9 2 10 6
4 3 6 3 6 9 7 8 8 3 3 10 5 2 10 0 10 9 3
6 6 5 10 2 3 6 1 9 4 10 4 10 7 8 10 0 8 7
10 4 6 8 7 7 6 9 3 6 5 5 2 7 2 7 4 0 6
6 4 3 9 3 6 4 7 2 9 7 3 2 5 7 3 10 2 0


10 4
0 8 5 1 10 5 9 9 3 5 6 6 2 8 2 2 6 3 8 7 2
5 0 4 3 3 2 7 9 6 8 7 2 9 10 3 8 10 6 5 4 2
3 4 0 5 2 2 4 9 8 5 3 8 8 10 4 2 10 9 7 6 1
3 9 7 0 3 5 9 7 6 1 10 1 1 7 2 4 9 10 4 5 5
7 1 7 7 0 9 5 10 7 4 8 9 9 3 10 2 4 6 10 9 5
1 8 7 4 7 0 6 5 3 1 10 8 4 8 3 7 1 2 7 6 8
6 5 2 3 1 1 0 5 7 1 8 2 8 8 8 8 4 4 6 10 10
9 2 9 3 7 7 1 0 9 1 2 3 6 1 10 5 8 9 4 6 2
3 1 2 7 5 1 7 2 0 10 9 5 2 5 4 10 9 9 1 9 8
8 9 4 9 4 8 2 1 8 0 5 10 7 6 2 1 10 10 7 9 4
5 9 5 10 10 3 6 6 4 4 0 8 5 4 9 1 9 9 1 7 9
2 10 9 10 8 3 3 9 3 9 10 0 8 9 2 6 9 7 2 3 5
3 6 9 7 3 7 6 4 10 3 5 7 0 9 3 2 2 10 8 7 3
10 6 3 1 1 4 10 2 9 2 10 6 4 0 6 3 6 9 7 8 8
3 3 10 5 2 10 7 10 9 3 6 6 5 10 0 3 6 1 9 4 10
4 10 7 8 10 10 8 7 10 4 6 8 7 7 6 0 3 6 5 5 2
7 2 7 4 4 6 6 4 3 9 3 6 4 7 2 9 0 3 2 5 7
3 10 2 6 1 4 7 5 10 3 10 4 5 5 1 6 10 0 4 5 3
9 9 8 6 9 2 3 6 8 5 5 5 5 5 3 10 4 1 0 8 9
8 4 1 4 9 3 6 3 1 4 8 3 10 8 6 4 5 4 3 0 2
4 3 6 4 6 2 3 3 3 7 5 1 8 1 4 5 1 1 6 4 0
